-0.0147560658964
-0.0231767631541
0.221623422671
0.192016514036
0.0877305969623
-0.0228234833715
0.0920944128918
-0.0434729074889
0.200584758932
-0.0593416702449
-0.182049772733
-0.0520331730838
-0.0725366920398
0.000766148883704
-0.0176710247133
-0.120813202843
-0.156277018025
-0.163589050598
0.0284829783092
-0.0513016315403
0.226744550135
0.241019095086
0.0501847787068
-0.145084369802
-0.163185625642
0.22687340531
0.229758332112
0.242180165891
-0.0532298458004
-0.0501368316159
-0.0236031108507
0.138206185906
0.230884155021
0.0508054597626
-0.250376728082
-0.195084032593
0.0801806943065
0.0796604869714
0.105828677148
0.106563082737
0.280180361395
0.0546275960688
-0.188102240724
-0.0692073412639
-0.0120056585527
-0.0129636282946
0.217406874673
0.107909848624
-0.0775636484551
-0.0749817470733
-0.134319698651
-0.0750800140028
0.178817355189
-0.112052767907
0.110961729247
0.23727767179
-0.062533852808
-0.164943133872
-0.117001166162
0.126002041229
0.225346798981
0.192926876565
0.0410567107046
0.181107371249
0.112076263859
0.217756620904
0.150190963743
0.166076497609
-0.122909320381
-0.0146054576722
-0.124622336139
-0.122274847563
0.0509293966516
0.0619724035821
-0.0298658437187
-0.0572009980698
-0.0471319858377
-0.0147255195089
0.222598773715
-0.0120243506197
0.126820180241
-0.0472390272931
-0.0856583813651
0.133054729786
-0.0136146801144
-0.0969056639641
0.0388345916861
-0.196555529145
0.0403695818632
0.21866603924
0.19486611579
0.226132902334
0.0104757498873
0.0462776599999
-0.129541409423
-0.0504085693736
0.0329938700658
-0.0920653917138
0.212983225817
0.000342119984092
0.307257831239
0.00510600599861
-0.15845326086
0.0693233168861
0.0754782933408
-0.187199334086
0.188960933994
0.171536719737
-0.117921088522
0.225647483737
0.158776971704
0.27221510449
-0.00959489925554
0.122519780405
0.0400758289297
0.220342680573
-0.106680755362
-0.162035918232
-0.0035267731249
-0.0692206032623
0.211641412985
-0.0418202270744
0.0340860841852
-0.179009788626
0.0821349384962
0.0965221364416
0.181836250611
0.0355577888271