0.16858823003
0.0313021507597
-0.153953361303
0.0486720158276
-0.107380462745
-0.0160111562231
-0.143132651117
0.196774133954
0.0431888515666
0.130805781196
-0.18426268107
-0.214816562632
-0.182902315596
0.175659507616
0.0628185430136
0.26494461875
-0.10767460038
0.156650280743
-0.151248120625
-0.0673352074261
0.110592841239
0.0933192078993
-0.103144661336
0.0364371670336
0.12349803515
-0.173682082592
-0.186838705471
0.110425041606
-0.187197229251
-0.0024104120712
0.0340220111476
-0.189734974946