0.0453870570873
-0.0813915091503
0.175841247209
0.0988079253121
-0.0250834109
0.00356730838751
-0.126011295351
-0.144377007034
-0.111402981998
-0.135664757663
0.126618805361
0.0450556750066
0.110040174918
0.0308700257451
-0.0981811673581
-0.112854054942
-0.12916027852
-0.113603499348
0.114462905821
0.0756486765006
0.0790063808765
0.115894206493
0.0572885783272
-0.148235064299
-0.0877432599242
0.133681139507
-0.109294084317
0.188110754981
-0.0169594304063
0.206621156593
0.109588268553
-0.0415099028743
-0.0117058945013
-0.033243592838
-0.134711459695
-0.0824693354156
0.00950586246236
0.0922824702432
-0.0780417703456
-0.00559599676207
0.163232143836
0.158623987127
-0.135255365667
0.237650426398
0.166051404721
-0.0193552949964
0.136312158293
0.055726119029
0.0416560612621
0.075543126081
-0.121180369642
-0.147494186146
0.0395740664489
0.188584637037
-0.0358251800396
0.0976780850888
0.00478344288319
0.0916209543746
0.21912598569
-0.131381234197
0.0740629869894
0.0758321725961
-0.151854079478
0.0893504279667
0.188046838935
-0.0867840707539
-0.0377510287053
-0.0898440239913
0.108259010549
0.00584276145544
-0.0950934545336
-0.0851569050372
0.22423107145
-0.0708235048562
0.032631565888
-0.0452693788549
-0.0140800737981
-0.047288743311
-0.0431491372186
0.054706802746
0.0412148634519
-0.128232490812
0.136551494547
-0.0198607681796
-0.113267650518
0.0486838247624
-0.0273257104185
0.100382241403
-0.108532780811
-0.0840754343169
0.0566903225213
0.0970922434242
-0.131499328574
0.0437113955184
0.131750704624
0.0527033888124
0.200373973404
-0.0690726818039
0.0193994106808
0.0327919906972
0.161552015398
0.0791053343939
-0.138481798081
0.142830517261
-0.0144013745628
0.206954490731
-0.0308981694468
-0.0285642076749
-0.0907432748855
-0.118190825905
0.142162770925
-0.0993233609537
-0.165933790747
0.184179343419
0.119240880827
0.0597463639474
0.103820969664
0.0273800652747
-0.130436497482
0.0198371055368
0.173681849501
0.0111587896742
0.163726593261
-0.0147515656587
-0.122592397704
0.0284375980789
-0.148081149548
0.145731322973