3 4 50 1
0.004990176944527255 -0.08845537539064831 0.2291607578339964 -0.004613743240852408
0.5552011369603593 0.396354409077341 0.03945463657612435 -0.03252076750157652
-0.2738242313595801 0.0792246728618209 0.5777024166754223 -0.2702037130570526
0.39086439399507367 0.32508774791129047 -0.11364055082797568 0.06410748066532951
-0.1374932354880277 0.0015148414537402635 -0.0658486884641249 0.06246521949844949
-0.22955569822336586 -0.29742625167439 -0.2967061871305828 0.13027033605189037
-0.004151214737822067 0.04108420139876192 0.36046249103469613 0.030380992511968803
0.07416516122765775 0.27804053166738174 -0.2346034516004314 -0.05934546301109031
-0.11582779358367198 -0.16146656366183398 -0.09568664483627821 -0.18454534660056893
-0.17169761188758745 0.12933688786543876 -0.05881602959973759 -0.11197399652510569
-0.2173939670243294 -0.008797296800482352 0.02140682986040167 0.2448563031567906
-0.3123195697400176 0.08721165131547372 0.4460966476086724 0.10173731336392178
-0.16869708570170933 -0.19655498975446262 0.08079806625473956 -0.14383044592222652
0.548852929035147 -0.04465991392642406 -0.2539401856280016 -0.16585759195668717
0.4832178498428306 -0.20783553703238722 0.031929126428932454 0.4064860463199573
-0.21537776047772214 -0.16831334044998064 0.0068542823347169735 -0.11403630940720778
-0.368018415949713 -0.10799665426398773 -0.08678393315918399 0.18635055894232272
0.38668087759872266 -0.15926227689474529 -0.06246170024338398 -0.03283093340402932
-0.06748735050299218 -0.054785632726912885 -0.20244396696040656 0.18893463590822102
0.5335379695234632 0.4512375662222113 0.19036104149216257 -0.1797508742166875
-0.004291939656831376 -0.2344481343857548 -0.2912973234370783 -0.3508019170846967
0.6932198413062647 0.002583332561138648 -0.2612396963940943 0.041060865638881394
-0.2329560705169242 -0.2287652733906207 0.5217451575890188 0.019042679537414793
-0.04880290642071695 0.24183783724113364 0.1239078686867076 -0.2513296856618021
-0.0941171335555673 0.3420522431807856 -0.25103681910460607 0.23356078361029
0.004921361842074933 -0.06182733799900152 -0.30224430963866616 0.14041914425423366
-0.0006862883426352986 0.373717596026919 0.23627788065932573 -0.25470808244070886
0.13832410770417053 -0.16939583468531613 0.21557248372504498 -0.2819123750651177
0.3093451805231118 -0.009690465370849855 0.038317527970083726 0.44058539939264896
-0.0012043669692431921 0.1178465488486911 0.313926070773502 0.10717395177084331
0.22301208630405966 -0.3001710707035358 -0.2795499932565977 -0.17123842483929358
-0.0052730586214311224 0.09732637246689678 0.3085657004000603 -0.01818143841961406
-0.08329723387787452 0.37007648998319964 -0.21298523206645212 0.21661826760375352
-0.10748200347722973 -0.30579565249120366 0.23080797832623698 0.2463875011081784
0.00256411290978459 0.07100905421527665 0.554450495868394 0.1072573728511526
0.5991667502121064 -0.0040346940226889064 -0.26389544211578986 -0.26477445831143687
-0.09823394990636164 0.23973982130605934 -0.05826884036190275 0.2117221050899711
-0.11968589069608346 -0.011792003544649793 0.36488822971112417 0.06263560286915179
-0.2535505573628765 -0.2375203426607514 0.03580342357762348 0.20407553448623916
-0.094156902198767 -0.2864839744621954 0.17402718194090155 0.09742269686087898
0.6217980420860706 -0.18925799337448032 -0.3726056962684761 0.4042254807311646
-0.0002616518177089344 0.24275598176329355 0.05468042388785304 -0.1808921665934113
0.584378877582147 0.29158120037191293 -0.3662641759004629 0.4012335338091595
-0.011887471374776937 0.12199333962988032 0.5004229064916405 -0.22454005815715147
-0.25756770086514824 -0.2762159645829592 0.5574220858101385 0.008704856473567066
-0.4146607297068039 0.2501353154379137 -0.24223191520110443 -0.034132241923042685
-0.11855532747280652 0.3595721253894567 0.5943260876580648 -0.09559521269236446
-0.010225796250699533 0.18981832888320704 0.34306989536669863 -0.16910712088456623
-0.2341910426999368 0.22494115088991046 -0.09588283664013826 0.459030581992754
-0.1935757182344879 -0.04857849643214536 0.06812052658732295 0.3561823009637998
-0.3109807682945651 0.717297592130722 -0.29832866893470894 0.45432797352905896 0.20262085109374303 -0.02130172932572659 -0.3134473834275649 -0.30909889273583785 0.1157346957204658 0.22099512501994834 0.4103957969700524 -0.33331117884008893 0.029181937080399505 0.3803200806925938 0.29870214483918783 0.07375642233697396 0.23440868787487304 0.23752096475001322 0.17589467624099445 0.5823869621902662 -0.32413900126486217 0.15587975591919465 -0.25919149168228334 -0.1474569786757196 0.17148340041204757 -0.1235205395747065 -0.32354706958731283 0.20044314762023474 0.33209699107226126 -0.12189001818129022 -0.168370217117013 -0.3747061997147652 0.18610631921813098 0.2645863321613416 -0.5883024799917764 0.1460024613268648 0.10392580394371087 -0.3686936394728779 -0.03984734133922034 -0.28841991103935344 0.37460844306944274 -0.049993415025496084 0.558466393082656 -0.31111152434152134 -0.25845584605475325 0.11394505531054373 -0.31964478776756394 -0.4211588383601283 0.15684856090862023 0.04833523013306894
-0.233172417798
-0.155412858438
0.33040300404
-0.00275150305448
0.303350811363
-0.206778391863
0.230985194125
-0.28861549863
0.203378838124
-0.0811003401691
-0.236692777643
0.170885308132
-0.0632197549032
0.433101962197
0.0343613760724
-0.114344952334
0.0772659565538
0.269163385598
0.291804848501
0.0103819491121
0.0242079981119
0.241824284241
0.327078023743
0.0654450939828
0.182277329937
-0.0812799761886
-0.0775368048268
-0.217429901896
0.0468488697031
-0.00683221119168
0.0412916896711
0.222679716685
-0.0207098539487
-0.294094261756
-0.138146379062
0.404069444379
0.0781579826924
0.0590684463058
-0.253796031518
0.333105463215
0.185061966466
-0.132797707936
0.0233589421016
0.1245903073
0.415941933954
-0.279625096837
-0.162356697067
-0.0181075362186
0.298789421951
0.0880073109264
-0.0697968162307
1 4