0.21614240737378806 0.2714011025569154 0.22495335367547772 0.22555458431611627
-0.06429933276179901 -0.17063878837196275 0.06947210690385301 -0.093195744320667
0.2549604523458237 0.19952635633749374 -0.20650026960517845 -0.059215744024110964
0.16454169004893118 0.16823442249439519 -0.19649790947919768 0.012391156545047315
-0.20033848336312451 -0.10825953672261451 -0.06282515767886238 -0.20272741030177044
-0.18546796435930404 -0.005663770590935321 -0.01461775395265409 0.022890977522347086
-0.2017821290941449 -0.13575551634239158 0.1588362319632114 0.11444462395173509
0.13317513506669734 -0.13452267361933776 0.20106022129739468 0.11403249007026259
0.015936540178799377 0.13102257432168826 -0.19746281131476418 -0.12395331609050932
0.07577786552665416 -0.042887127054976285 -0.19164512236928982 -0.20881363167603947
-0.073789633474816 -0.1257586899767136 -0.1475138826040788 0.03870376090010531
0.2879582231392125 0.1994258566870322 0.12603314140336966 -0.10420583500365692
0.04521235511629203 -0.013011306820266607 -0.0744748488832881 -0.039659220707437146
-0.08974462306761374 -0.16019933197243563 0.0872027389560952 -0.18354414569099603
0.068867846279445 -0.11860331007136864 0.2718067052836104 0.07520204569899176
-0.15265479556884567 -0.07857835259619743 0.06877093254549334 -0.03587941482930985
0.07256522477018293 -0.1804527827312008 -0.04302283680549758 -0.026063588336006444
-0.06266209865736659 -0.16211892496650418 -0.010785605221580608 -0.06439674067637136
-0.09311801936812594 -0.08066256029743024 -0.13983293553014745 -0.15198065618214573
-0.04352014956862405 -0.16892512883686864 -0.10697724074123348 -0.08005978389909109
0.24389798374206298 0.14664412973735336 -0.03322689793148672 -0.16032916249166998
0.22327904009442914 0.2331791237041153 0.07855606500967785 0.15936682228611423
0.22012050109738662 -0.20117340015712526 -0.13189398111843656 0.1261404220861271
0.003736891170026193 -0.023999069128832776 0.22057663400466196 0.1770030646527133
0.009058593839819946 0.26681221928521476 0.021020202904677942 -0.0901250506013396
-0.1306986999321533 -0.17452366672319042 -0.16869158742757112 0.09388061567127576
0.15177654196687765 -0.021798453058775445 0.01270355622518994 -0.12454570315843896
-0.016803267394443974 0.09232373338279895 -0.13144048263696298 -0.03735377991929833
-0.08456379130083334 -0.16434079917841604 -0.19163978328033424 -0.14467296659914866
-0.12368349236780378 0.14484517222539928 0.09280676342833005 0.08029123826902275
0.03192733224040886 0.21812122749960403 -0.026847140767421264 -0.0037972502487034145
-0.001660765853748928 -0.19532894860305655 0.03927642085018765 -0.16522522027253203
0.13498376011048277 -0.13272456605324134 -0.03067559085179883 0.03512240439153667
-0.21209631997040923 -0.013573440777944467 0.1988604062050544 0.16388540878239474
0.07425912713257206 0.13339067084720344 0.19092732334191043 -0.20473197752873162
-0.0379978446864731 -0.11201653139348398 -0.11155324992298264 0.18467027583103898
0.0806898546382612 -0.11206094738315739 0.2195200128170823 0.2217117580320925
-0.050598989490127984 0.10308989196977777 0.17910107918663634 0.19326360043321106
-0.10564194779274409 0.16646481780789904 0.14255633544757615 0.24536415707524462
-0.14991966257951847 -0.19259466738269615 0.12193875708133248 0.13537987834660944
-0.057159406002811726 0.23346542947208365 0.20669230454881035 0.18911754664016225
-0.06181904490207715 0.22558515928536582 -0.10983011002286816 -0.08185781827591561
-0.17653237028829097 -0.12308335469289977 0.08667098390696847 -0.1637368207806958
0.16541195811567347 -0.07404526276605336 0.19785086597395743 -0.15261405275768541
-0.11295545416732763 0.10718095181393546 0.22091815028309264 0.02093604397049258
-0.14722659032067642 -0.18261716773049735 0.17773321258810007 -0.2059311477027089
0.264067499230886 -0.11221674890571418 -6.155366974857939e-05 0.14831446852491365
-0.11162176189465833 0.1324225121009927 0.04201931429409379 0.21678239600347904
0.17099800296843862 0.17426087499029136 -0.17718588483784478 0.09384375453870711
0.17738785496076573 0.08358782906535486 -0.1612834653527345 0.0859444858138011
-0.18987113437272618 -0.12132725060438651 -0.029356937058264202 0.03344210893287332
0.011792652810644528 -0.07274904808157058 -0.11489677294634013 -0.04251473444275733
-0.034039064360343665 -0.1534391444798644 0.09634128842183828 -0.07672205852009563
-0.04551628995766669 0.06552415289652437 -0.1665855202494314 -0.12684036938228782
-0.008419550441619482 0.0176274234772878 0.03749395261106277 -0.16124800995155075
-0.08351884376805628 0.014873809254030666 -0.04099846523555403 -0.12371067242362017
0.2277987511919118 0.18521210596131257 -0.09509520663187852 -0.026398234320128354
-0.009681423251663402 0.03665520680353196 0.15677679695376148 -0.11464345288503115
-0.17761875747224462 0.00919646149284832 0.15934730801697994 -0.19652511257492689
-0.045046728969718466 -0.10017652695205692 0.1625286559727218 -0.12938506588400905
0.2083114076937034 -0.04186343285827368 -0.09648542102892184 0.05520632669584929
0.11021600570702267 0.16018124575967946 0.1451547869065157 0.31906214393440163
-0.007324012668908163 -0.20122174367727824 0.13472885377772773 -0.12951620530888738
-0.18426352438717308 0.11656111622004088 -0.1465299764472023 0.10639596006552235
-0.17676519341494026 0.21426382856419013 -0.18267424747330985 0.08748198121603161
0.1671223918860241 -0.1522432552765481 -0.09155990720524779 0.11019391286681589
0.23578809626431838 0.13836643184058675 -0.04587469350249376 0.007593793768541279
-0.12002817992372485 0.1705337597211218 -0.1348582360003074 -0.06260798510109829
-0.2066049241970629 -0.004930376538498466 -0.08524163287746772 -0.1758664116413599
0.09041527940773186 -0.12015731764265113 0.20176099139508505 0.2434799835687643
-0.011800461056920798 0.0046521220705645384 0.09611063644289418 -0.1658175826926509
-0.16939640739738457 0.05616987051796066 0.12813534399592544 -0.17003387392044925
0.2711281529653581 -0.02643215997461434 -0.017165884847510623 0.06054324418539719
-0.07346560722538922 -0.1251314453928607 0.24099195596499853 0.07093301596442457
0.12798626856927436 -0.10373799542350326 0.06788509939056718 -0.049571791013889546
0.05714193168405358 -0.1394443887575815 0.09926860731644836 0.22945343524171152
-0.19192755114535137 -0.09803392119232719 -0.0017510580033180372 -0.0642904217708464
0.16957598894599438 0.02510554092057174 0.21219205137474217 -0.0025061392048274164
0.13358891073141113 0.2488539307399923 0.09755632031905477 0.05547501695435635
-0.19544224320554726 -0.18526865406874657 -0.0526712603335751 -0.07973929107408953
-0.06133807926786407 0.15881651520532591 -0.06681099607912003 -0.020857484119313784
0.0414888312546388 -0.13534958332301017 -0.1588155351061091 0.1734939096405672
-0.007501812070390477 -0.08186907885924886 0.03876884473635493 0.3217481674622521
-0.01850635980014174 0.02618902585191115 0.06879703936524081 -0.1844229388532021
0.04762067057493295 -0.07512130552464041 -0.1462843174583161 -0.1474634205931669
-0.03032571882080706 -0.11453496096939975 0.11981539530841841 0.24797515175741852
0.19041025488632557 -0.19342046001835925 -0.16621388226287853 -0.11868297217572063
-0.15861684767326117 0.009494530835846964 -0.11072756644317967 -0.09188018947167251
-0.04395436757881547 0.17416406400465448 0.1469080610109145 -0.19659938527649173
-0.1655388310971987 0.13296860044142655 -0.13268703232137027 -0.06617503665104146
-0.18544723686864775 -0.12430612478372056 0.200171462348826 -0.04610936849931249
0.26004183875204634 0.1077970162147202 0.1555686379138011 0.09260716836995013
-0.03215201173910639 0.005244858029971063 -0.20027682443512215 -0.12346258156379034
-0.178322512302 -0.004698027687679096 0.04824544536869947 -0.07379905368246213
0.04243251415372542 0.14390089039817094 -0.20476543277566495 0.21502997922180134
0.19516383309267568 0.14650073863012075 0.15159479298378445 0.12371069295455982
-0.05377538298416961 -0.05412932025351279 0.058955895575522374 0.22246445908241166
0.01068327257183026 -0.13838913373538758 0.23133278297120977 0.2838540042807086
-0.04715056916018904 0.11960134297658118 0.019871315857608877 0.26071209915272475
-0.04117003109144581 0.2039232385287191 0.14332451847948022 -0.1564684512880781
0.224883417604368 0.28025915996354367 0.03733273760001044 0.23229866840291602
0.08697505464687318 -0.07174879606518363 0.24001806465942652 -0.21551380388458022
0.13871165659317744 0.06102987742371452 0.24729573272227887 0.18783867154138612
-0.17384428628054652 -0.14857249563674477 0.17018484883625634 0.22571752779467982
-0.0889500280171062 0.004556528953177054 0.2150841826095956 0.08092530557249412
-0.10494193377690308 0.16451176247836014 0.04157025246394486 -0.01745678723651065
0.21773200161055556 -0.02181060168087435 -0.18689489246460347 0.18612209898932236
-0.07547107994584808 0.20931553753159535 -0.1661857097571101 -0.10366460245368908
-0.0811079664744774 -0.02976083851514292 -0.06896726922625662 -0.1183198236011375
-0.035410916982876496 0.26060428512734973 -0.02673800124466042 0.08393941275808214
-0.05412228730203912 0.19125631274638574 -0.17937503413803776 0.145474592778077
-0.00558595197040766 0.18081773948325774 -0.04121393845061334 0.004157440669440623
-0.08388094778249021 0.06006653494753459 0.1853429201353524 0.00796297094838764
-0.06276723050884905 0.08418302906054488 0.26938580759428915 -0.11115518031770515
0.10263289789955775 -0.11332636169133799 0.04443361755350583 -0.1502181995136373
0.1090422218858815 -0.006864459704678035 -0.07575903289978399 -0.15700905379762256
0.12570865215835766 -0.12014987405643206 0.02584117884717759 -0.15526439054543395
-0.19481998041908977 -0.05425201492766704 -0.16859932294389204 0.04053634718952566
0.09218387788442275 -0.16799083235797188 0.20295402124853373 0.22908874031004353
-0.1600009453188751 0.12427214522283671 0.18380945364104603 0.13628463193842838
0.12625756644994984 0.1342584111591343 -0.17824147989637787 -0.08641817044463551
0.12166417094218154 -0.18956412361945704 0.19234522972959198 0.21709565775453393
0.09610113426747248 0.2124280153377537 0.03261985804595324 0.22970332414984634
0.11555475219302426 -0.09551427920961465 -0.09788323502675216 -0.13771638161919977
-0.006228834501577941 0.005998867891574361 0.0630885641549193 0.059108338730451813
-0.1995933221313595 -0.12747394818487806 -0.015609291799207042 0.16498753528695112
-0.13943416222732266 -0.10804634008428345 0.2579742259619344 -0.06992838966559582
0.1917063752467487 0.19972705623544548 -0.02323592255638302 0.0007218142318837965